CPU = [ 92.6782
   96.7451
   99.3670
  102.3150
  106.5169
  111.5179
  114.8893
  121.8042
  129.0164
   70.7266
   21.8830
   12.9074
    4.9877
    2.5597
    0.8745
    0.4425
    0.3492
    0.3121
    0.2441
    0.2048
    0.3650
    0.2719
    0.1618
    0.1322
    0.1655
    0.1361
    0.1192
    0.1376
    0.1239
    0.1559
    0.1060
    0.1102
    0.1008
    0.1231
    0.1072
    0.0935
    0.1059
    0.1289
    0.1327
    0.1418
    0.1415
    0.1459
    0.1464
    0.1545
    0.1454
    0.1479
    0.1329
    0.1617
    0.1635
    0.1498
    0.1484
    0.1535
    0.1263
    0.1338
    0.1391
    0.1338
    0.1456
    0.1509
    0.1541
    0.1441
    0.1606
    0.1656
    0.1750
    0.2221
    0.1919
    0.1850
    0.1921
    0.1944
    0.2043
    0.2131
    0.2174
    0.2303
    0.2427
    0.2280
    0.2347
    0.2404
    0.2515
    0.2503
    0.2601
    0.2606
    0.2631
    0.2716
    0.2440
    0.2543
    0.2588
    0.2780
    0.2795
    0.2899
    0.2866
    0.3049
    0.2969
    0.3047
    0.3151
    0.3179
    0.3276
    0.3293
    0.3155
    0.4051
    0.4930
    0.4909 ]
